Para gerar esse binário, ignoramos os valores fora dos intervalos de espaço e marca (ou seja, exclui-se as longas pausas e o cabeçalho)

Obervações: quando enviamos o comando para mudar a temperatura, o ar condicionado liga automaticamente e muda a temperatura para a desejada. Dessa forma, foi necessário criar o comando apenas para desligar. 

Binário com pausas e cabeçalho:
H - header
S = short (-19000) após 
L = long (-40000)
p = pause = 700

1 = 700, 1650
0 = 700, 700

Hh (35bits) pS (32bits) pLHh (35bits) pS (32bits) pLHh (35bits) pS (32bits) p

ex desligar: Hh1000101 01000000 00000010 00000101 0010pS100 00000000 00011000 00000000 00001pLH1 00010101 00000000 00001000 00011100 10pS00000 00000000 00000001 00000001 011pLH000 00000000 00000000 00000000 00101010 pS0000000 00000000 00000000 00000010 1


Arrays binários formados por: 25 bytes + 1bit

Ligar (não utilizado): 10011010 10000000 00000110 00001010 01010000 00000000 01100000 00000000 00010011 01010000 00000000 11000001 11001000 00000000 00000000 00100000 00101000 00000000 00000000 00000000 00010101 00000000 00000000 00000000 00000010 1

Desligar: 10001010 10000000 00000100 00001010 01010000 00000000 01100000 00000000 00110001 01010000 00000000 10000001 11001000 00000000 00000000 00100000 00101100 00000000 00000000 00000000 00010101 00000000 00000000 00000000 00000010 1


            1-DIF   2-DIF     3-DIF     4        5        6       7       8-DIF    9-DIF   10-DIF     11     12-DIF       13       14       15       16    17-DIF      18     19       20      21-DIF     22        23      24    25-DIF* b-DIF  
16 graus: 10011010 00000000 00000110 00001010 01010000 00000000 01100000 00000001 11110011 01000000 00000000 11000001 11001000 00000000 00000000 00100000 00001000 00000000 00000000 00000000 00010101 00000000 00000000 00000000 00000010 1

17 graus: 10011010 10000000 00000110 00001010 01010000 00000000 01100000 00000000 00010011 01010000 00000000 11000001 11001000 00000000 00000000 00100000 00101000 00000000 00000000 00000000 00010101 00000000 00000000 00000000 00000010 1

18 graus: 10011010 01000000 00000110 00001010 01010000 00000000 01100000 00000001 00010011 01001000 00000000 11000001 11001000 00000000 00000000 00100000 00011000 00000000 00000000 00000000 00010101 00000000 00000000 00000000 00000010 1

19 graus: 10011010 11000000 00000110 00001010 01010000 00000000 01100000 00000000 10010011 01011000 00000000 11000001 11001000 00000000 00000000 00100000 00111000 00000000 00000000 00000000 00010101 00000000 00000000 00000000 00000010 1

20 graus: 10011010 00100000 00000110 00001010 01010000 00000000 01100000 00000001 10010011 01000100 00000000 11000001 11001000 00000000 00000000 00100000 00000100 00000000 00000000 00000000 00010101 00000000 00000000 00000000 00000010 1

21 graus: 10011010 10100000 00000110 00001010 01010000 00000000 01100000 00000000 01010011 01010100 00000000 11000001 11001000 00000000 00000000 00100000 00100100 00000000 00000000 00000000 00010101 00000000 00000000 00000000 00000010 1

22 graus: 10011010 01100000 00000110 00001010 01010000 00000000 01100000 00000001 01010011 01001100 00000000 11000001 11001000 00000000 00000000 00100000 00010100 00000000 00000000 00000000 00010101 00000000 00000000 00000000 00000010 1

23 graus: 10011010 11100000 00000110 00001010 01010000 00000000 01100000 00000000 11010011 01011100 00000000 11000001 11001000 00000000 00000000 00100000 00110100 00000000 00000000 00000000 00010101 00000000 00000000 00000000 00000010 1

24 graus: 10011010 00010000 00000110 00001010 01010000 00000000 01100000 00000001 11010011 01000010 00000000 11000001 11001000 00000000 00000000 00100000 00001100 00000000 00000000 00000000 00010101 00000000 00000000 00000000 00000010 1

25 graus: 10011010 10010000 00000110 00001010 01010000 00000000 01100000 00000000 00110011 01010010 00000000 11000001 11001000 00000000 00000000 00100000 00101100 00000000 00000000 00000000 00010101 00000000 00000000 00000000 00000010 1

26 graus: 10011010 01010000 00000110 00001010 01010000 00000000 01100000 00000001 00110011 01001010 00000000 11000001 11001000 00000000 00000000 00100000 00011100 00000000 00000000 00000000 00010101 00000000 00000000 00000000 00000010 1

27 graus: 10011010 11010000 00000110 00001010 01010000 00000000 01100000 00000000 10110011 01011010 00000000 11000001 11001000 00000000 00000000 00100000 00111100 00000000 00000000 00000000 00010101 00000000 00000000 00000000 00000010 1

28 graus: 10011010 00110000 00000110 00001010 01010000 00000000 01100000 00000001 10110011 01000110 00000000 11000001 11001000 00000000 00000000 00100000 00000000 00000000 00000000 00000000 00101010 00000000 00000000 00000000 00000101 0
    
29 graus: 10011010 10110000 00000110 00001010 01010000 00000000 01100000 00000000 01110011 01010110 00000000 11000001 11001000 00000000 00000000 00100000 00100000 00000000 00000000 00000000 00010101 00000000 00000000 00000000 00000010 1

30 graus: 10011010 01110000 00000110 00001010 01010000 00000000 01100000 00000001 01110011 01001110 00000000 11000001 11001000 00000000 00000000 00100000 00010000 00000000 00000000 00000000 00010101 00000000 00000000 00000000 00000010 1


 
BYTES QUE DIFEREM NAS TEMPERATURAS 16 a 30: 1,2,3,8,9,10,12,17,21 e 25

BYTE 1:
Difere apenas no array de desligar.


BYTE 2: 
normal      espelhado  
00000000    00000000   0
10000000    00000001   1
01000000    00000010   2 
11000000    00000011   3 
00100000    00000100   4
10100000    00000101   5
01100000    00000110   6
11100000    00000111   7
00010000    00001000   8
10010000    00001001   9
01010000    00001010   10
11010000    00001011   11
00110000    00001100   12
10110000    00001011   13
01110000    00001110   14


BYTE 3:
Difere apenas no array de desligar.


BYTE 8: 
Difere. Se a temperatura for par, é 1, se for impar, é 0 


BYTE 9: exceto pelo primeiro (temperatura 16), os outros bits se repetem a cada 2 graus.
normal     espelhado  

11110011   11001111  207

00010011   11001000  200
00010011   11001000  200

10010011   11001001  201
10010011   11001001  201

01010011   11001010  202    
01010011   11001010  202

11010011   11001011  203 
11010011   11001011  203

00110011   11001100  204
00110011   11001100  204

10110011   11001101  205
10110011   11001101  205

01110011   11001110  206 
01110011   11001110  206


BYTE 8: difere, se a temperatura for par, termina com 1, se for impar, termina com 0


BYTE 10: começa no 2, soma +8 a cada mudança de temperatura
normal    espelhado
01000000  00000010  2
01010000  00001010  10
01001000  00010010  18
01011000  00011010  26
01000100  00100010  34
01010100  00101010  42
01001100  00110010  50
01011100  00111010  58
01000010  01000010  66
01010010  01001010  74
01001010  01010010  82
01011010  01011010  90
01000110  01100010  98
01010110  01101010  106
01001110  01110010  114


BYTE 17:  
grau 16 inicia com 16 e soma mais 4 a cada grau. No grau 28, reseta para 0 e o grau 30 finaliza com 8.
normal   espelhado
00001000  00010000 16
00101000  00010100 20
00011000  00011000 24
00111000  00011100 28
00000100  00100000 32
00100100  00100100 36
00010100  00101000 40
00110100  00101100 44
00001100  00110000 48
00101100  00110100 52
00011100  00111000 56
00111100  00111100 60
00000000  00000000 0
00100000  00000100 4
00010000  00001000 8


BYTE 21:
difere apenas na temperatura 28


BYTE 25: 
difere apenas na temperatura 28


b: 
bit extra difere no grau 28.



